Title line:""
QS03797_1
MSQ13_1
QrZAG20_1
QS00314_1
QpZAG9_1
QS1904_1
MSQ4_1
QpZAG110_1
QS00562_1
QrZAG87_1
QpZAG1-5_1
QM6-2M1_1
Pop
     O, 0208 1313 0212 0505 0707 0207 0813 0101 0202 0404 1212 0606
     O, 0803 1313 0211 0505 0707 0703 1313 0202 0202 0404 1207 0606
     O, 0303 0614 1110 0505 0714 0202 1310 0202 0202 0404 1207 0606
     O, 0803 1313 1113 0503 0714 0202 0000 0000 0202 0404 1207 0606
     O, 0303 0614 1105 0503 0716 0303 0412 0101 0202 0404 1207 0606
     O, 0203 1306 1206 0303 1410 0203 1313 0101 0000 0404 0702 0610
     O, 0303 0614 1110 0504 0718 0203 1004 0101 0202 0404 0702 0606
     O, 0203 0615 1210 0505 0714 0203 1310 0202 0202 0404 1207 0614
     O, 0203 0614 1201 0304 0714 0202 1309 0102 0202 0404 1207 0606
     O, 0203 1306 1211 0503 0710 0203 1304 0101 0203 0404 1207 0606
     O, 0303 1306 1113 0000 1410 0202 0804 0101 0000 0404 0702 0606
     O, 0803 1313 0206 0503 1414 0202 1313 0101 0202 0404 1207 0610
     O, 0303 1306 1306 0303 0714 0207 0805 0102 0202 0404 0702 0606
     O, 0803 1313 0206 0505 0714 0207 0812 0101 0202 0404 0710 0610
     O, 0303 1314 1213 0503 1414 0202 0000 0101 0202 0404 0705 0606
     O, 0303 1313 1206 0303 1412 0202 0507 0000 0303 0404 0708 0612
     O, 0303 1306 1213 0303 1211 0202 1305 0101 0203 0404 0708 1211
     O, 0303 1315 1113 0503 1211 0202 1205 0101 0000 0404 0808 1012
     O, 0303 0606 1306 0000 1411 0202 0505 0101 0202 0404 0708 0611
     O, 0303 1306 1213 0503 1411 0202 1305 0101 0202 0404 0808 0611
     O, 0303 0606 1313 0503 1212 0202 0505 0101 0303 0404 0708 1111
     O, 0303 0615 1212 0302 1213 0202 0505 0101 0000 0404 0709 1113
     O, 0303 1306 1213 0503 1211 0202 1305 0101 0000 0404 0708 1211
     O, 0303 1315 1211 0303 1811 0203 0804 0202 0202 0404 0708 1012
     O, 0303 1314 1301 0304 0714 0207 1309 0102 0202 0404 1207 0606
     O, 0303 1414 1005 0503 1418 0202 1009 0101 0202 0404 0205 0606
     O, 0303 1315 0201 0504 0714 0202 0810 0202 0000 0404 1207 0614
     O, 0303 1415 1201 0504 1618 0203 1009 0101 0000 0404 0702 0614
     O, 0303 1314 1301 0504 0718 0202 1309 0202 0202 0404 1202 0606
     O, 0203 0614 1201 0504 0718 0202 0409 0102 0202 0404 1207 0606
     O, 0303 1314 1210 0505 1416 0203 1209 0101 0202 0404 0707 0614
     O, 0303 0615 1212 0303 1213 0202 0505 0101 0000 0404 0709 1113
     O, 0303 1314 1301 0505 1418 0202 1305 0101 0202 0404 0808 1012
     O, 0303 1515 0201 0504 1414 0202 0810 0202 0202 0404 0702 0606
     O, 0303 1315 1313 0505 0710 0203 1012 0102 0202 0404 0702 0614
     O, 0303 1315 1306 0503 0710 0203 1313 0101 0202 0404 0707 0610
     O, 0203 1315 1213 0503 0714 0202 1313 0101 0202 0404 1207 0610
     O, 0303 1315 1306 0502 1213 0203 1311 0106 0202 0404 1208 0606
     O, 0303 1315 1206 0503 1213 0202 0404 0000 0203 0404 0705 1012
     O, 0303 1315 1213 0503 1012 0203 1313 0101 0203 0404 0705 1012
     O, 0203 1315 1213 0303 1412 0203 0404 0101 0203 0404 0707 0610
     O, 0203 1306 1213 0503 1412 0303 1311 0106 0203 0404 0708 0610
     O, 0303 1315 1213 0303 0712 0303 0813 0101 0203 0404 0708 1011
     O, 0303 1315 1213 0503 1012 0203 1313 0101 0203 0404 0705 1012
     O, 0303 1317 0213 0303 0715 0203 1305 0101 0203 0404 0707 0612
     O, 0303 1313 0213 0503 0707 0202 0404 0104 0201 0401 1206 0909
     O, 0303 1315 1206 0503 0707 0202 0804 0101 0202 0404 1212 0610
     O, 0303 1314 1201 0304 0714 0203 0412 0101 0202 0404 1210 1010
     O, 0303 1315 1113 0504 0707 0202 0409 0202 0202 0404 1207 0610
     O, 0303 1315 1206 0503 0713 0203 1313 0101 0202 0404 1205 1012
     O, 0303 1315 1313 0505 1213 0203 0404 0000 0203 0404 0705 0612
     O, 0303 1315 1213 0505 0710 0202 0000 0101 0000 0404 1207 1012
     O, 0303 0508 1106 0503 1215 0202 0404 0101 0202 0404 0508 0611
     O, 0303 1315 1106 0303 1821 0202 1205 0101 0202 0404 0906 0610
     O, 0303 1305 0606 0303 1421 0202 0505 0000 0202 0404 0208 0610
     O, 0303 1313 1113 0303 1412 0207 0805 0101 0202 0404 0708 0606
     O, 0803 0505 1306 0303 1421 0202 0805 0101 0202 0404 0708 0606
     O, 0303 1314 1113 0503 1412 0202 1111 0101 0202 0404 0708 0606
     O, 0303 1505 1101 0503 1812 0202 1005 0101 0202 0404 0208 0614
     O, 0307 1314 1113 0303 1208 0202 0606 0101 0202 0000 0708 0604
     O, 0303 1405 1211 0503 1412 0202 1005 0101 0202 0404 0508 0606
     O, 0303 1306 1206 0503 2120 0202 1005 0101 0203 0404 0606 0612
     O, 0303 1313 0206 0503 0721 0202 1305 0101 0202 0404 1206 0606
     O, 0303 1505 1101 0304 1821 0202 1005 0102 0202 0404 0708 0606
     O, 0303 1313 1113 0303 1421 0207 1305 0101 0202 0404 0706 0606
     O, 0303 1314 1111 0302 1208 0202 0000 0104 0202 0412 0806 0609
     O, 0303 1405 1206 0503 1421 0202 0511 0101 0202 0404 0707 0606
     O, 0303 1315 1106 0303 1418 0202 1307 0101 0000 0404 0909 0602
     O, 0303 1313 1201 0303 1812 0202 1313 0101 0000 0404 0709 0606
     O, 0803 0606 0213 0503 1416 0202 0000 0101 0000 0404 1207 0611
Pop
     P, 0203 0303 0108 0303 1320 0202 0409 0202 0202 0404 0202 1215
     P, 0404 1312 0916 0303 1411 0202 0907 0603 0101 0000 0202 1109
     P, 0404 1411 1009 0303 1306 0202 0702 0303 0202 0404 0509 1109
     P, 0404 1411 1209 0303 1315 0202 1007 0404 0303 0404 0209 0909
     P, 0303 1709 0508 0202 1615 0202 0905 0405 0202 0404 0614 1011
     P, 0303 1511 1105 0202 1515 0202 0506 0508 0203 0404 0906 1009
     P, 0303 1315 1113 0303 1612 0202 1305 0102 0303 0404 0707 0612
     P, 0303 1313 1213 0503 0712 0203 1304 0000 0203 0404 1207 0610
     P, 0303 1315 1113 0303 1612 0203 1305 0101 0303 0404 0707 0606
     P, 0303 1305 1106 0303 1221 0202 0521 0101 0202 0404 0806 0606
     P, 0303 1306 1113 0303 1612 0202 1305 0101 0303 0404 0707 1211
     P, 0303 1306 1213 0503 1211 0202 0505 0101 0203 0404 0708 1211
     P, 0303 1315 1213 0303 1612 0203 1305 0202 0303 0404 0707 0612
     P, 0303 1315 1206 0303 1412 0202 0000 0000 0303 0404 0709 0602
     P, 0303 1018 1304 0202 1115 0202 1012 0303 0000 0405 0808 1411
     P, 0303 1318 0803 0202 1520 0202 1006 0607 0303 0405 0809 1109
     P, 0404 0811 0916 0303 1506 0202 0507 0603 0202 0506 1006 1109
     P, 0203 1515 0108 0303 0705 0202 1211 0505 0202 0506 0506 1109
     P, 0303 1511 0115 0202 0710 0202 1305 0404 0303 0505 0906 1113
     P, 0203 0303 1204 0303 1113 0202 0404 0202 0202 0404 0506 1415
     P, 0303 1414 1111 0202 1108 0202 0401 0404 0202 0412 0706 0909
     P, 0303 0304 1212 0303 1111 0202 0404 0202 0202 0404 0506 1412
     P, 0404 1202 1110 0302 1111 0201 0507 0203 0404 0000 0206 1109
     P, 0203 0304 0607 0303 1818 0202 0614 0202 0000 0404 0206 1414
     P, 0303 0303 0505 0303 1317 0204 0505 0202 0202 0404 0506 1212
     P, 0203 0304 0508 0303 2120 0202 0405 0202 0202 0404 0206 1218
     P, 0303 0304 0606 0303 1212 0202 0506 0202 0202 0404 0505 1109
     P, 0203 0303 0507 0303 0713 0202 0909 0202 0202 0404 0705 1117
     P, 0303 0303 0506 0303 0713 0202 0914 0202 0202 0404 0705 1411
     P, 0303 0303 0506 0303 0708 0202 0814 0202 0202 0404 0203 1411
     P, 0303 0303 0606 0303 1017 0201 1418 0202 0202 0404 0505 1717
     P, 0404 1202 1304 0303 1015 0202 0406 0303 0303 0000 0202 1109
     P, 0303 1212 0909 0402 1306 0206 0407 0000 0000 0202 0206 1409
     P, 0303 1111 0915 0000 1504 0202 0404 0303 0000 0000 0206 0909
     P, 0303 1216 1006 0303 0808 0202 0804 0303 0303 0000 0206 1111
     P, 0404 0802 1214 0303 0715 0202 0811 0303 0000 0000 0209 0909
     P, 0401 0812 0208 0303 1113 0202 0812 0508 0303 0000 1010 0909
     P, 0304 1512 0707 0303 1313 0202 0412 0305 0202 0000 0203 1011
     P, 0404 0811 1313 0303 1109 0203 0615 0505 0202 0000 0206 1011
     P, 0404 0811 1014 0303 1315 0202 0404 0303 0204 0505 0304 1111
     P, 0404 1212 1421 0303 1211 0202 0411 0603 0202 0506 0903 1109
     P, 0303 1111 1015 0303 1506 0202 0405 0303 0202 0000 0202 0909
     P, 0404 1312 0916 0303 1411 0202 0907 0603 0000 0000 0202 1109
     P, 0301 1312 0204 0303 1211 0202 1010 0404 0303 0000 0202 0909
     P, 0303 1110 0809 0303 0909 0202 0505 0303 0000 0000 0206 0909
     P, 0303 0811 1113 0000 0711 0202 1306 0101 0202 0404 0809 0614
     P, 0303 0707 0404 0303 0103 0101 0506 0203 0303 0000 0203 1501
     P, 0303 0707 0404 0303 0103 0101 0000 0203 0303 0000 0203 1501
     P, 0303 0311 0505 0306 1212 0202 0507 0204 0202 0403 0505 1412
     P, 0303 0310 0505 0606 0817 0204 0715 0203 0202 0403 0603 1412
     P, 0303 1303 0504 0303 1215 0202 1009 0204 0202 0404 0203 0917
     P, 0303 1303 0904 0202 1204 0201 0000 0204 0000 0404 0206 1209
     P, 0303 0311 0604 0303 1212 0202 1304 0204 0202 0404 0202 1015
     P, 0303 0311 0404 0202 1612 0202 0417 0204 0202 0404 0205 1014
     P, 0303 1317 0807 0303 1209 0202 1010 0203 0000 0000 0206 0909
     P, 0303 1309 0108 0202 1208 0202 0420 0202 0202 0404 0202 1409
     P, 0203 1312 0415 0303 1113 0202 0606 0303 0202 1515 0806 1109
     P, 0203 1312 0415 0303 1113 0202 0606 0303 0202 1515 0806 1109
     P, 0204 1311 0503 0303 1420 0202 0404 0603 0202 1212 0806 1014
     P, 0203 1411 1303 0202 1103 0202 0909 0206 0202 0404 0904 0909
     P, 0303 1111 1209 0202 1103 0202 0911 0605 0202 0405 0404 1309
     P, 0203 1313 1203 0202 1020 0202 0404 0603 0202 1205 0707 1013
     P, 0203 1313 1003 0202 1120 0202 0505 0604 0202 1212 0808 1013
     P, 0303 1018 1304 0202 1115 0202 1012 0303 0000 0405 0808 1411
     P, 0000 1116 1007 0303 1618 0202 0505 0405 0202 0404 0706 1109
     P, 0303 1709 0508 0202 1015 0202 0519 0405 0000 0417 0709 1009
     P, 0305 0916 0804 0202 1610 0202 0809 0404 0202 0404 0806 1309
     P, 0303 1508 0507 0202 1504 0202 0507 0000 0203 0404 0909 0909
     P, 0301 1316 0608 0202 1515 0202 0404 0604 0202 0505 0903 1113
     P, 0303 1311 0808 0202 1415 0202 0511 0405 0101 0405 0903 1113
     P, 0505 1516 0407 0303 1115 0202 0511 0409 0202 0404 0906 1209
     P, 0303 1508 0509 0202 1011 0202 0714 0603 0204 0405 0709 1009
     P, 0303 1415 0809 0202 1012 0202 0505 0305 0202 0413 0707 1009
     P, 0303 1315 0809 0202 1010 0202 0606 0603 0202 0513 0606 1013
     P, 0303 1517 0213 0202 0909 0202 0505 0307 0303 0505 0806 1013
     P, 0303 1319 0508 0202 0602 0202 1205 0307 0203 0505 0811 1009
     P, 0205 1316 0508 0202 1615 0202 0606 0707 0000 0505 0601 1009
     P, 0303 1414 0403 0202 1303 0202 1010 0202 0000 0404 0909 0909
     P, 0301 1314 1305 0202 1004 0202 0506 0403 0203 0405 0606 1013
     P, 0304 1415 0208 0502 1109 0202 0404 0606 0000 0505 0909 1012
     P, 0303 0809 0101 0303 0808 0202 1313 0203 0202 0404 0707 0816
     P, 0303 0809 0101 0303 0719 0202 1515 0303 0000 0404 0709 1111
     P, 0309 0707 1010 0301 0808 0201 0606 0103 0301 0518 0506 1418
     P, 0303 1210 1004 0304 1008 0202 0000 0101 0104 1222 0202 1919
     P, 0203 1516 0303 0406 0703 0201 0000 0204 0303 0909 0606 1115
     P, 0303 1212 1313 0504 0808 0202 0000 0403 0203 1308 0909 0915
     P, 0303 0615 1306 0505 2019 0202 0505 0000 0202 0000 0909 0612
     P, 0303 1415 1001 0504 1418 0202 1009 0102 0202 0404 0702 0606
     P, 0303 1414 1205 0503 1416 0203 1010 0101 0000 0404 0705 0606
     P, 0303 1515 1306 0505 1013 0202 1205 0000 0202 0404 0705 0612
     P, 0803 1313 0213 0503 0714 0207 0813 0101 0202 0404 1207 0606
     P, 0203 1306 1211 0503 0710 0203 1304 0101 0202 0404 1207 0606
     P, 0303 1306 1213 0303 1211 0202 1305 0101 0202 0404 0808 1211
     P, 0303 1306 1213 0303 1211 0203 1313 0101 0203 0404 0708 0611
     P, 0303 1315 1106 0303 1412 0202 0507 0101 0303 0404 0709 0602
     P, 0303 1315 1213 0303 1213 0203 0505 0101 0303 0404 0709 0613
     P, 0303 1315 1101 0503 1812 0202 1212 0101 0000 0404 0809 0610
     P, 0303 1306 1213 0503 1612 0202 0505 0101 0303 0404 0707 1211
     P, 0303 1517 1313 0304 1612 0203 0905 0000 0202 0404 0209 0208
     P, 0303 1515 1305 0304 1019 0202 1206 0104 0202 0807 0709 1205
     P, 0303 1018 1117 0302 1616 0202 0404 0102 0203 0404 0205 0608
     P, 0303 0606 0615 0302 2017 0202 1211 0102 0203 0404 0702 0607
     P, 0305 1318 1013 0502 1616 0203 0409 0101 0202 0404 0205 0606
     P, 0304 0615 0418 0307 0707 0202 0404 0603 0203 0415 0504 0905
     P, 0303 1110 0604 0404 0808 0404 0603 0405 0202 0303 0606 1412
     P, 0303 0000 0507 0404 0809 0305 1103 0208 0202 0303 0603 1412
     P, 0303 1311 0101 0202 0704 0202 0404 0505 0202 0505 0606 1309
     P, 0303 0303 0505 0303 1108 0202 0505 0202 0202 0404 0606 1215
     P, 0303 1401 1209 0202 1420 0202 1005 0603 0202 0405 0606 1113
     P, 0303 0303 0504 0303 0804 0202 0707 0202 0202 0404 0604 1218
     P, 0303 0803 0504 0000 1320 0202 0606 0202 0000 0404 0603 1218
     P, 0303 1414 0507 0202 1120 0202 0505 0000 0202 0508 0208 0609
     P, 0203 1310 0808 0202 1709 0202 0505 0505 0000 0510 0603 1009
     P, 0000 1109 0206 0303 1415 0202 0405 0606 0000 0405 0601 1113
     P, 0303 1313 0808 0202 1018 0202 0606 0507 0303 2525 0208 1011
     P, 0303 0303 0505 0303 1508 0202 1515 0203 0202 0404 0205 1412
     P, 0303 1315 0508 0202 1009 0202 0505 0303 0303 0505 0208 1308
     P, 0206 1318 0108 0202 1213 0203 1005 0403 0000 0505 0809 0909
     P, 0303 1414 0508 0303 1610 0202 0507 0403 0203 0405 0808 1409
     P, 0303 1410 0403 0202 1820 0202 1304 0204 0202 0505 0606 1009
     P, 0303 1309 0807 0202 2109 0202 0505 0603 0000 0505 0206 1008
     P, 0303 1314 1008 0202 0721 0202 1205 0305 0000 1205 0909 0908
     P, 0303 1515 0211 0202 1415 0202 0806 0608 0202 0613 0901 1209
     P, 0303 1313 0508 0000 1109 0202 0404 0303 0000 0505 0208 1408
     P, 0303 1415 0204 0202 1505 0202 0606 0607 0202 1213 0901 1212
     P, 0304 1116 0211 0202 1409 0202 0806 0407 0303 0621 0913 1409
     P, 0306 0303 0420 0303 1517 0202 0819 0202 0202 0404 0205 1218
     P, 0303 1315 0809 0202 1409 0202 0404 0203 0000 0505 0209 1408
     P, 0303 1520 0809 0202 1410 0202 0505 0204 0201 0513 0909 1414
     P, 0303 0303 0607 0303 0720 0201 0000 0000 0000 0404 0705 1212
     P, 0303 1415 0210 0202 1410 0202 1305 0404 0201 0406 0906 1209
     P, 0303 1417 1305 0202 1504 0202 0804 0202 0000 2514 1001 1010
     P, 0303 1516 0803 0202 1005 0202 1004 0405 0000 0405 0209 1111
     P, 0306 0303 0720 0303 1517 0202 0404 0202 0202 0404 0205 1212
     P, 0306 0303 1220 0303 1317 0202 0412 0202 0202 0404 0206 1412
     P, 0303 1315 0808 0202 1803 0202 1005 0303 0000 0518 0209 1109
     P, 0303 1518 1009 0202 1013 0203 1304 0507 0202 2020 0206 1211
     P, 0303 0311 1207 0303 1704 0202 0404 0202 0202 0404 0206 1208
     P, 0000 0303 1105 0303 1813 0202 0505 0202 0202 0404 0503 1212
     P, 0303 0303 1005 0303 1812 0202 1011 0202 0202 0404 0303 1217
     P, 0303 0303 0505 0202 1315 0202 0505 0202 0202 0404 0204 1212
     P, 0303 0303 0505 0303 1812 0202 0506 0000 0202 0404 0503 1212
     P, 0303 1314 0808 0202 1111 0202 0506 0403 0202 0516 0903 1101
     P, 0301 1416 0210 0202 1008 0202 0404 0404 0203 0405 0808 0908
     P, 0203 0000 0604 0000 1012 0202 1206 0202 0202 0404 0506 1212
     P, 0303 1317 0213 0202 1413 0202 0706 0505 0303 1926 0901 1009
     P, 0303 0303 0619 0303 1813 0202 0404 0202 0202 0404 0506 1212
     P, 0303 0303 0505 0303 0804 0202 1010 0202 0202 0404 0603 1203
     P, 0203 1318 0507 0202 1011 0202 0506 0404 0303 0524 0808 1009
     P, 0304 1313 0201 0202 1211 0202 0404 0405 0202 0506 0209 1009
     P, 0305 0309 0505 0303 0822 0202 1306 0000 0202 0404 0206 1412
     P, 0303 0303 0505 0202 2017 0202 1010 0203 0202 0404 0606 1212
     P, 0303 1712 1213 0202 1416 0202 1106 0404 0202 0405 0206 1008
     P, 0303 0303 1105 0202 1420 0204 0616 0207 0202 0404 0603 1212
     P, 0303 1417 0208 0202 1509 0202 0505 0408 0303 0510 0706 1109
     P, 0301 1109 0505 0000 1506 0202 0406 0206 0202 0505 0806 1016
     P, 0301 1415 1105 0202 1610 0202 0405 0403 0000 0611 0906 1309
     P, 0404 1318 0208 0202 1215 0202 0411 0407 0202 2423 0209 1010
     P, 0303 1511 0208 0000 1604 0202 0000 0607 0000 0506 0906 1009
     P, 0303 0303 0505 0303 0712 0202 0505 0202 0202 0404 0606 1412
     P, 0303 1118 0108 0202 0606 0202 0404 0608 0000 0421 0606 1010
     P, 0303 1416 0108 0202 1004 0202 0405 0505 0000 0505 0208 1209
     P, 0303 1216 0212 0303 1610 0202 0806 0404 0000 0606 0506 0908
